# oST version 5.0 parameters


[image]

width
800

height
600

[my_camera]

camera matrix
631.350960 0.000000 401.611351
0.000000 631.748942 306.423477
0.000000 0.000000 1.000000

distortion
0.170891 -0.326028 -0.002182 0.002373 0.000000

rectification
0.999571 -0.027436 -0.010285
0.027767 0.999050 0.033595
0.009354 -0.033866 0.999383

projection
734.174543 0.000000 400.643105 0.000000
0.000000 734.174543 304.526749 0.000000
0.000000 0.000000 1.000000 0.000000

